33,5
33,4
33,2
33,1
33,6
33,3
34,3
3,2
3,1
3,3
10,262
10,278
10,9
10,238
10,259
10,206
10,197
10,7
10,2
10,3
11,20
11,13
11,2
11,3
9,7
9,6
9,1
9,4
9,2
9,3
8,11
8,9
8,13
8,17
8,2
8,3
12,2
2,2
2,1
2,3
35,7
35,6
35,5
35,4
35,3
35,2
35,1
35,0
34,186
34,185
34,184
34,183
34,182
34,181
34,180
34,179
34,178
34,177
34,176
34,175
34,174
34,173
34,172
34,171
34,170
34,169
34,168
34,167
34,166
34,165
34,164
34,163
34,162
34,161
34,160
34,159
34,158
34,157
34,156
34,155
34,154
34,153
34,152
34,151
34,150
34,149
34,148
34,147
34,146
34,145
34,144
34,143
34,142
34,141
34,140
34,139
34,138
34,137
34,136
34,135
34,134
